14 1
13 1
12 1
11 1
10 1
9 1
10 2
11 2
11 3
12 3
12 4
13 4
14 5
13 5
12 5
11 5
10 5
9 5
9 7
10 7
11 7
12 7
13 7
14 7
14 8
14 9
14 10
14 11
13 11
12 11
11 11
10 11
9 11
9 10
9 9
9 8
9 17
10 17
11 17
12 17
13 17
14 17
9 18
9 19
9 20
9 21
10 21
11 21
11 20
11 19
11 18
14 23
13 23
12 23
11 23
11 24
10 24
10 25
9 25
10 26
11 26
11 27
12 27
13 27
14 27
13 24
13 25
13 26
9 29
9 30
9 31
9 32
9 33
10 31
11 31
12 31
13 31
14 31
9 35
10 35
11 35
12 35
13 35
14 35
11 36
11 37
11 38
11 39
9 39
10 39
11 39
12 39
13 39
14 39